20
143
11 41 22 45 52 18 33 7 33 52 32 48 3 39 4 37 36 39 15 32 6 17 65 24 19 16 44 30 65 29 38 32 53 66 1 22 28 52 15 52 14 37 28 2 18 38 28 35 26 28 55 8 44 26 12 19 55 52 51 11 40 25 7 44 69 16 53 20 60 51 44 14 10 3 68 66 18 30 28 36 58 4 65 51 18 22 68 15 7 19 59 7 42 3 31 31 5 23 27 32 45 23 61 9 46 17 47 67 1 31 4 62 6 35 1 4 61 18 13 64 69 34 41 53 59 27 61 41 46 2 19 28 42 22 68 16 25 8 5 36 7 25 21
184
27 28 64 31 26 51 14 34 34 14 40 69 13 61 50 65 67 16 50 18 28 41 39 29 10 8 50 57 54 35 49 63 35 23 55 44 23 58 7 26 37 2 39 58 1 54 56 67 51 17 30 8 53 25 69 57 25 44 25 58 57 69 49 34 30 7 11 13 5 4 47 9 59 26 10 9 59 61 41 62 38 12 58 15 3 29 23 53 19 24 27 39 50 22 19 2 20 18 2 10 5 48 58 65 64 35 62 49 65 66 15 22 64 52 2 42 44 20 68 56 34 34 24 27 30 69 47 31 16 6 49 33 55 38 34 57 27 47 63 57 36 19 63 16 38 38 54 33 65 32 63 11 2 24 67 23 52 17 17 38 42 8 60 9 5 68 2 26 61 68 55 55 69 58 13 11 43 52 41 42 57 58 36 69
133
59 32 55 32 33 16 16 23 58 23 63 43 35 56 59 43 61 43 34 24 5 35 37 8 43 16 2 47 51 47 22 17 1 39 27 67 35 23 11 5 54 28 48 33 18 62 63 45 12 28 6 23 36 29 55 24 39 31 32 56 55 9 5 32 16 25 67 12 44 19 50 26 34 31 35 49 35 64 4 26 65 29 62 57 61 24 56 58 38 33 31 62 22 36 64 39 6 24 33 9 42 60 7 24 34 42 15 41 35 13 15 35 15 55 69 63 12 58 12 30 26 33 63 55 68 10 64 53 69 40 18 19 13
71
15 23 1 38 5 30 7 32 22 59 10 60 48 24 63 69 2 49 66 35 56 15 13 68 47 61 7 50 54 61 47 26 8 31 25 44 43 43 67 16 34 3 35 62 31 27 37 69 23 29 11 2 63 16 69 14 28 10 18 19 45 9 24 29 9 22 25 26 29 31 43
86
48 67 65 3 49 51 60 39 38 45 7 50 10 26 66 10 28 31 40 20 60 66 65 32 24 13 17 40 15 58 62 31 69 47 2 35 53 46 14 10 36 56 33 9 26 31 24 29 40 30 44 29 18 24 50 6 68 40 34 16 53 47 3 11 9 14 62 21 59 34 50 56 67 35 51 9 34 61 18 35 51 3 27 51 12 6
196
52 69 46 66 20 41 2 54 24 23 4 45 42 48 32 51 27 20 58 1 13 24 60 39 22 1 33 19 28 48 28 22 56 35 32 38 46 50 18 30 66 26 10 29 63 15 21 49 56 38 4 20 41 61 52 48 22 21 34 36 23 65 48 63 36 63 3 47 10 25 37 57 12 48 29 21 14 5 23 33 12 67 53 10 51 24 40 35 47 41 20 2 69 15 33 69 53 4 58 16 5 55 1 69 47 18 20 6 59 31 66 58 41 7 65 25 28 29 61 33 25 15 19 54 13 18 41 55 5 34 58 66 14 19 39 35 44 9 27 25 56 68 43 43 6 62 23 50 31 61 3 36 28 36 4 69 6 57 4 59 17 42 35 28 56 27 36 14 64 19 14 16 8 21 3 27 60 55 32 19 67 7 64 46 52 40 40 54 37 37 21 69 35 34 55 51
169
20 15 65 4 49 3 46 42 2 4 17 21 68 37 43 8 43 35 3 24 23 52 19 65 22 35 56 66 47 55 50 9 8 26 21 5 37 39 10 66 50 15 7 47 52 26 67 61 57 64 10 18 46 45 19 37 63 6 5 24 53 67 69 53 47 47 60 24 56 10 22 55 25 49 46 6 39 41 16 27 69 66 66 44 21 59 5 29 44 66 15 7 59 58 61 44 50 12 57 57 43 36 59 18 48 17 26 6 35 41 20 63 3 46 57 7 42 25 47 12 62 20 19 45 57 15 29 31 62 19 31 37 33 58 17 59 16 37 21 24 42 51 29 69 40 26 1 1 20 11 43 54 7 68 15 53 64 49 59 60 1 69 18 44 17 33 28 61 48
185
38 69 46 49 31 62 44 35 20 64 53 27 47 51 37 33 23 29 49 26 25 31 52 10 69 35 2 43 22 22 46 39 23 12 27 50 62 50 41 33 11 50 44 57 43 17 65 26 33 32 40 61 45 6 18 18 53 12 21 10 17 34 57 2 15 64 57 55 43 19 34 10 52 35 68 52 47 67 17 20 60 47 32 55 22 47 26 55 68 49 2 29 34 68 46 38 31 37 24 49 43 7 55 52 52 49 24 21 13 24 24 67 62 6 11 64 60 34 61 68 38 3 15 32 58 47 47 34 11 30 22 27 22 47 10 50 18 49 66 68 32 26 40 1 21 51 7 41 22 55 26 34 42 41 50 16 22 61 55 62 7 31 10 50 38 31 17 54 22 58 68 67 49 4 55 1 58 2 24 28 22 18 2 59 66
163
33 43 24 44 66 14 58 50 64 21 35 50 60 26 17 63 58 34 69 49 51 32 24 16 3 36 57 23 55 1 22 69 8 29 9 54 10 10 68 45 27 2 29 11 68 17 53 49 17 55 30 38 67 3 58 38 51 37 23 7 25 40 63 50 38 56 37 32 52 38 10 34 33 48 8 25 7 34 9 56 59 27 66 30 15 58 36 62 38 54 6 65 11 50 62 36 4 52 36 10 6 60 63 34 43 55 23 26 61 10 4 52 51 30 69 11 8 59 25 28 47 17 59 19 14 42 38 16 46 7 64 50 45 56 42 34 56 9 33 47 29 47 38 26 61 17 31 48 31 24 57 21 38 3 3 55 48 35 9 33 30 65 1
190
38 37 3 21 59 11 65 27 66 12 53 50 7 45 37 68 46 13 44 37 10 61 32 22 54 59 13 44 4 61 19 50 67 47 12 43 51 24 52 23 4 34 2 8 16 22 33 60 15 32 64 39 9 2 48 32 21 26 1 64 64 51 39 55 14 10 48 2 43 21 10 32 69 47 17 45 34 15 44 23 11 59 11 9 43 32 8 48 44 14 32 13 69 40 48 13 40 44 42 9 29 10 53 14 26 18 48 55 63 3 39 25 54 45 50 47 46 21 14 68 46 21 53 62 7 17 41 46 9 28 45 13 63 43 49 67 55 51 59 47 11 23 65 58 24 4 48 7 54 17 21 36 48 27 19 12 43 42 4 46 35 28 30 32 49 16 67 36 45 28 39 36 44 9 13 56 63 68 50 68 64 68 52 11 42 21 32 27 37 52
34
61 26 24 21 50 30 16 55 45 43 45 5 24 55 39 49 38 2 15 2 64 15 17 26 41 60 8 28 18 52 37 31 47 46
122
47 48 57 6 45 25 42 46 52 60 37 40 61 5 66 52 27 45 12 65 42 38 31 6 63 6 36 60 10 4 30 52 17 51 50 56 61 43 36 1 16 16 10 62 30 30 43 35 9 33 56 19 30 57 16 32 53 62 20 42 66 59 37 1 18 12 48 30 37 13 40 11 10 63 57 18 18 26 56 51 7 15 62 62 60 61 39 48 55 50 33 4 49 63 49 33 52 47 45 14 66 6 31 12 66 48 12 26 41 24 48 27 4 28 44 54 15 64 31 58 53 57
185
51 39 50 67 36 48 65 22 56 24 45 58 14 2 44 64 48 28 36 10 43 44 53 39 5 16 4 35 26 20 43 24 1 39 1 19 27 53 41 9 2 67 8 32 18 3 32 62 13 65 66 6 51 50 19 19 30 10 39 12 9 33 67 58 22 23 41 61 16 58 40 62 47 18 2 68 45 17 25 50 45 29 29 16 16 35 12 30 28 22 13 58 40 59 27 28 16 37 27 17 58 65 12 25 31 68 62 31 68 51 53 13 12 15 8 44 24 53 27 46 23 55 52 68 57 39 23 35 49 7 18 69 41 47 26 37 48 56 55 39 56 58 55 56 65 31 34 59 63 18 28 34 49 54 2 19 51 32 66 31 25 50 33 10 66 41 61 49 41 44 17 3 41 69 64 57 55 52 37 6 60 29 57 15 66
25
9 66 47 62 10 56 3 60 17 18 7 8 51 47 44 4 19 28 28 66 63 18 3 68 9
176
2 19 51 32 69 12 67 49 15 10 68 56 43 31 17 57 38 26 22 8 2 28 48 40 20 27 19 64 22 4 4 67 66 57 38 58 9 53 19 46 9 35 37 56 66 30 36 43 60 24 5 58 25 14 64 9 24 12 27 58 67 56 54 50 19 33 32 7 25 49 6 15 54 61 36 68 55 13 15 67 63 7 22 60 8 48 31 8 53 51 33 26 22 52 39 39 5 68 43 41 53 3 59 45 55 54 58 13 19 18 28 1 54 62 52 67 68 15 39 47 12 25 20 24 1 49 4 9 18 37 33 11 6 16 29 69 21 35 15 20 41 42 29 25 54 66 33 26 44 12 46 8 20 5 28 41 38 20 54 64 48 57 67 48 50 53 59 55 6 47 64 3 37 32 29 15
112
68 45 12 3 44 16 26 7 34 24 47 23 32 30 2 45 24 12 9 14 36 3 37 27 64 6 26 40 35 18 61 27 8 6 16 1 60 29 50 45 6 18 8 43 40 7 22 9 50 41 63 41 37 7 27 59 37 44 20 10 37 58 39 27 55 16 42 34 46 22 40 1 1 69 57 1 53 26 49 21 69 58 15 23 65 50 29 53 56 55 25 49 24 43 37 50 56 26 14 25 25 19 17 56 54 40 65 45 30 28 60 27
111
56 13 67 67 54 48 66 29 17 33 41 15 43 48 11 25 33 23 16 66 17 12 64 50 61 69 3 8 41 66 28 57 11 5 16 56 32 56 46 12 24 51 61 26 34 44 64 14 15 3 20 52 29 50 65 7 46 39 16 63 58 35 6 42 64 69 3 59 52 60 33 56 68 12 10 44 32 68 33 3 10 59 26 69 40 55 36 51 65 21 15 39 52 33 20 31 57 28 35 10 14 45 16 40 17 65 39 47 26 42 18
158
18 62 1 1 26 38 13 1 19 9 55 49 37 49 30 39 20 64 53 62 14 16 10 36 16 27 52 10 47 39 48 31 60 27 1 34 4 22 23 5 2 48 64 5 23 25 51 54 12 62 3 40 3 31 21 56 33 9 15 58 8 49 6 38 21 62 54 18 25 56 15 42 49 25 11 37 63 12 50 40 11 38 65 6 13 30 59 29 21 47 3 42 5 67 11 34 64 24 59 21 7 31 39 51 43 26 42 68 14 62 29 8 39 14 44 21 17 13 45 3 29 41 22 1 59 25 14 12 1 35 30 55 21 68 34 38 21 49 25 11 45 7 3 25 11 61 67 20 21 41 21 63 17 2 64 24 53 64
66
67 49 5 59 60 63 34 58 12 19 37 57 42 40 56 68 43 10 49 36 15 13 13 12 2 32 44 38 25 10 19 2 26 14 47 14 25 68 30 1 65 19 3 42 30 53 26 37 3 15 2 5 27 34 23 39 56 53 15 1 10 50 61 26 33 63
132
50 50 20 43 40 52 52 55 51 11 23 54 5 67 66 40 28 32 42 29 53 55 20 29 39 68 41 30 49 47 12 56 54 31 42 19 20 11 45 29 26 66 49 67 28 17 14 30 28 18 35 66 10 59 7 33 38 9 27 40 16 29 41 41 1 49 12 53 31 26 37 34 47 5 17 58 1 52 22 11 30 37 49 12 35 7 16 69 62 28 26 62 41 26 11 29 40 69 63 11 48 6 10 1 36 42 41 13 48 3 4 28 61 17 36 44 11 9 5 59 31 12 11 41 4 19 54 38 21 58 69 50
